-2.680475 -3.763052 44.581532
-2.727609 -2.216250 45.025578
-2.437408 -0.692036 45.571606
-2.017789 0.765398 46.205509
-1.336588 2.114263 46.046967
-0.542864 3.317307 45.569103
0.463070 4.258553 45.020321
1.453586 5.070470 45.282822
2.883270 5.273789 45.139179
4.082743 5.035532 44.963112
5.459373 4.492901 47.374180
6.541683 3.534001 48.523304
7.111567 2.266318 46.793858
7.796009 1.022062 47.481823
7.943250 -0.714015 46.987530
8.283602 -2.352978 47.616371
8.281561 -4.042411 46.956234
-1.751963 -3.449529 42.463589
-1.117700 -3.826333 42.054287
-0.190105 -3.994767 41.667240
0.618484 -3.756042 41.281078
1.407160 -3.507226 40.738361
3.208392 -3.616178 40.846039
4.000847 -4.010024 40.783501
4.982237 -4.179033 41.477463
6.013064 -4.057439 42.315605
6.665354 -3.557598 42.508236
2.211537 -2.419780 40.878849
2.230502 -1.534195 41.229652
2.203914 -0.619470 40.735771
2.200093 0.176821 40.666161
1.333035 0.688931 41.531338
1.833696 0.888983 41.380753
2.353156 0.995533 41.610146
2.860891 0.791534 41.598969
3.393356 0.694291 41.890778
-0.816956 -2.410076 42.469982
-0.191112 -2.580580 41.858330
0.522375 -2.565621 41.618027
1.124455 -2.145535 41.352123
0.425369 -2.082523 42.145679
-0.296483 -2.088660 42.262089
3.382352 -2.268153 41.764645
4.009687 -2.720926 40.878895
4.744822 -2.739454 41.172676
5.336001 -2.533561 41.088730
4.964206 -2.291675 42.197598
4.202719 -2.269924 41.806480
0.853495 2.390225 42.928036
1.352425 2.038435 42.151268
1.850613 1.814306 41.751026
2.364182 1.919296 41.806015
2.888414 1.825997 42.004288
3.535783 2.049333 42.369648
4.223315 2.187046 43.048286
3.589393 2.815647 43.007084
3.042003 3.109178 42.713676
2.513039 3.101188 42.601723
1.993237 3.102641 42.618286
1.369961 2.794167 42.689297
1.164976 2.384950 42.826584
1.961334 2.233198 41.942959
2.378754 2.239472 42.057564
2.923526 2.264077 42.516163
3.891038 2.177816 42.863750
2.929582 2.372607 42.605000
2.385883 2.349370 42.182919
1.965609 2.340956 42.035625
